         Sxx,       Exx,       Po,       Sm,       Ev         J2d,     Eyy,     
 Ezz 
 -1.0000E+02 -4.4444E-03 -1.1400E+02 -1.0000E+02  0.0000E+00  0.0000E+00 -4.4444E-03 -4.4444E-03
 -1.0000E+02 -4.4444E-03 -1.1400E+02 -1.0000E+02  0.0000E+00  0.0000E+00 -4.4444E-03 -4.4444E-03
 -1.0000E+02 -4.4444E-03 -1.1400E+02 -1.0000E+02  0.0000E+00  0.0000E+00 -4.4444E-03 -4.4444E-03
 -1.0000E+02 -4.4444E-03 -1.1400E+02 -1.0000E+02  0.0000E+00  0.0000E+00 -4.4444E-03 -4.4444E-03
 -1.0000E+02 -4.4444E-03 -1.1400E+02 -1.0000E+02  0.0000E+00  0.0000E+00 -4.4444E-03 -4.4444E-03
 -1.0000E+02 -4.4444E-03 -1.1400E+02 -1.0000E+02  0.0000E+00  0.0000E+00 -4.4444E-03 -4.4444E-03
 -1.0000E+02 -4.4444E-03 -1.1400E+02 -1.0000E+02  0.0000E+00  0.0000E+00 -4.4444E-03 -4.4444E-03
 -1.0000E+02 -4.4444E-03 -1.1400E+02 -1.0000E+02  0.0000E+00  0.0000E+00 -4.4444E-03 -4.4444E-03
 -1.0125E+02 -4.5833E-03 -1.1400E+02 -1.0042E+02  0.0000E+00  1.2500E+00 -4.4028E-03 -4.4028E-03
 -1.0250E+02 -4.7222E-03 -1.1400E+02 -1.0083E+02  0.0000E+00  2.5000E+00 -4.3611E-03 -4.3611E-03
 -1.0375E+02 -4.8611E-03 -1.1400E+02 -1.0125E+02  0.0000E+00  3.7500E+00 -4.3194E-03 -4.3194E-03
 -1.0500E+02 -5.0000E-03 -1.1400E+02 -1.0167E+02  0.0000E+00  5.0000E+00 -4.2778E-03 -4.2778E-03
 -1.0625E+02 -5.1389E-03 -1.1400E+02 -1.0208E+02  0.0000E+00  6.2500E+00 -4.2361E-03 -4.2361E-03
 -1.0750E+02 -5.3669E-03 -1.1439E+02 -1.0250E+02 -6.3888E-05  7.4976E+00 -4.2457E-03 -4.2457E-03
 -1.0875E+02 -5.6459E-03 -1.1499E+02 -1.0292E+02 -1.5963E-04  8.7438E+00 -4.2777E-03 -4.2777E-03
 -1.1000E+02 -5.9369E-03 -1.1560E+02 -1.0333E+02 -2.5907E-04  9.9925E+00 -4.3091E-03 -4.3091E-03
 -1.1125E+02 -6.2403E-03 -1.1625E+02 -1.0375E+02 -3.6212E-04  1.1241E+01 -4.3398E-03 -4.3398E-03
 -1.1250E+02 -6.5563E-03 -1.1692E+02 -1.0417E+02 -4.6866E-04  1.2490E+01 -4.3695E-03 -4.3695E-03
 -1.1374E+02 -6.8851E-03 -1.1761E+02 -1.0459E+02 -5.7860E-04  1.3738E+01 -4.3978E-03 -4.3978E-03
 -1.1500E+02 -7.2282E-03 -1.1833E+02 -1.0500E+02 -6.9184E-04  1.4999E+01 -4.4237E-03 -4.4237E-03
 -1.1625E+02 -7.5837E-03 -1.1908E+02 -1.0542E+02 -8.0828E-04  1.6249E+01 -4.4484E-03 -4.4484E-03
 -1.1750E+02 -7.9529E-03 -1.1985E+02 -1.0583E+02 -9.2781E-04  1.7500E+01 -4.4708E-03 -4.4708E-03
 -1.1875E+02 -8.3360E-03 -1.2064E+02 -1.0625E+02 -1.0503E-03  1.8750E+01 -4.4909E-03 -4.4909E-03
 -1.2000E+02 -8.7331E-03 -1.2145E+02 -1.0667E+02 -1.1757E-03  2.0000E+01 -4.5082E-03 -4.5082E-03
 -1.2125E+02 -9.1445E-03 -1.2229E+02 -1.0708E+02 -1.3040E-03  2.1250E+01 -4.5226E-03 -4.5226E-03
 -1.2250E+02 -9.5704E-03 -1.2316E+02 -1.0750E+02 -1.4349E-03  2.2500E+01 -4.5338E-03 -4.5338E-03
 -1.2375E+02 -1.0011E-02 -1.2404E+02 -1.0792E+02 -1.5684E-03  2.3750E+01 -4.5416E-03 -4.5416E-03
 -1.2500E+02 -1.0466E-02 -1.2495E+02 -1.0833E+02 -1.7045E-03  2.5000E+01 -4.5458E-03 -4.5458E-03
 -1.2625E+02 -1.0937E-02 -1.2589E+02 -1.0875E+02 -1.8429E-03  2.6250E+01 -4.5460E-03 -4.5460E-03
 -1.2750E+02 -1.1422E-02 -1.2684E+02 -1.0917E+02 -1.9837E-03  2.7500E+01 -4.5422E-03 -4.5422E-03
 -1.2875E+02 -1.1923E-02 -1.2782E+02 -1.0958E+02 -2.1268E-03  2.8750E+01 -4.5340E-03 -4.5340E-03
 -1.3000E+02 -1.2440E-02 -1.2881E+02 -1.1000E+02 -2.2720E-03  3.0000E+01 -4.5214E-03 -4.5214E-03
 -1.3125E+02 -1.2972E-02 -1.2983E+02 -1.1042E+02 -2.4193E-03  3.1250E+01 -4.5040E-03 -4.5040E-03
 -1.3250E+02 -1.3520E-02 -1.3087E+02 -1.1083E+02 -2.5685E-03  3.2500E+01 -4.4817E-03 -4.4817E-03
 -1.3375E+02 -1.4084E-02 -1.3194E+02 -1.1125E+02 -2.7197E-03  3.3750E+01 -4.4543E-03 -4.4543E-03
 -1.3500E+02 -1.4664E-02 -1.3302E+02 -1.1167E+02 -2.8726E-03  3.5000E+01 -4.4216E-03 -4.4216E-03
 -1.3625E+02 -1.5260E-02 -1.3412E+02 -1.1208E+02 -3.0274E-03  3.6250E+01 -4.3835E-03 -4.3835E-03
 -1.3750E+02 -1.5872E-02 -1.3525E+02 -1.1250E+02 -3.1837E-03  3.7500E+01 -4.3397E-03 -4.3397E-03
 -1.3875E+02 -1.6501E-02 -1.3640E+02 -1.1292E+02 -3.3417E-03  3.8750E+01 -4.2900E-03 -4.2900E-03
 -1.4000E+02 -1.7146E-02 -1.3756E+02 -1.1333E+02 -3.5012E-03  4.0000E+01 -4.2343E-03 -4.2343E-03
 -1.4125E+02 -1.7808E-02 -1.3875E+02 -1.1375E+02 -3.6621E-03  4.1250E+01 -4.1725E-03 -4.1725E-03
 -1.4250E+02 -1.8487E-02 -1.3995E+02 -1.1417E+02 -3.8244E-03  4.2500E+01 -4.1043E-03 -4.1043E-03
 -1.4375E+02 -1.9183E-02 -1.4118E+02 -1.1458E+02 -3.9880E-03  4.3750E+01 -4.0295E-03 -4.0295E-03
 -1.4500E+02 -1.9896E-02 -1.4242E+02 -1.1500E+02 -4.1528E-03  4.5000E+01 -3.9481E-03 -3.9481E-03
 -1.4625E+02 -2.0626E-02 -1.4368E+02 -1.1542E+02 -4.3188E-03  4.6250E+01 -3.8598E-03 -3.8598E-03
 -1.4750E+02 -2.1373E-02 -1.4497E+02 -1.1583E+02 -4.4859E-03  4.7500E+01 -3.7646E-03 -3.7646E-03
 -1.4875E+02 -2.2138E-02 -1.4627E+02 -1.1625E+02 -4.6541E-03  4.8750E+01 -3.6621E-03 -3.6621E-03
 -1.5000E+02 -2.2920E-02 -1.4759E+02 -1.1667E+02 -4.8232E-03  5.0000E+01 -3.5524E-03 -3.5524E-03
 -1.5125E+02 -2.3721E-02 -1.4893E+02 -1.1708E+02 -4.9933E-03  5.1250E+01 -3.4351E-03 -3.4351E-03
 -1.5250E+02 -2.4539E-02 -1.5028E+02 -1.1750E+02 -5.1642E-03  5.2500E+01 -3.3102E-03 -3.3102E-03
 -1.5375E+02 -2.5375E-02 -1.5166E+02 -1.1792E+02 -5.3359E-03  5.3750E+01 -3.1775E-03 -3.1775E-03
 -1.5500E+02 -2.6229E-02 -1.5305E+02 -1.1833E+02 -5.5084E-03  5.5000E+01 -3.0368E-03 -3.0368E-03
 -1.5625E+02 -2.7102E-02 -1.5446E+02 -1.1875E+02 -5.6816E-03  5.6250E+01 -2.8880E-03 -2.8880E-03
 -1.5750E+02 -2.7994E-02 -1.5589E+02 -1.1917E+02 -5.8555E-03  5.7500E+01 -2.7309E-03 -2.7309E-03
 -1.5875E+02 -2.8904E-02 -1.5733E+02 -1.1958E+02 -6.0299E-03  5.8750E+01 -2.5653E-03 -2.5653E-03
 -1.6000E+02 -2.9833E-02 -1.5880E+02 -1.2000E+02 -6.2049E-03  6.0000E+01 -2.3911E-03 -2.3911E-03
 -1.6125E+02 -3.0781E-02 -1.6028E+02 -1.2042E+02 -6.3805E-03  6.1250E+01 -2.2081E-03 -2.2081E-03
 -1.6250E+02 -3.1748E-02 -1.6177E+02 -1.2083E+02 -6.5565E-03  6.2500E+01 -2.0162E-03 -2.0162E-03
 -1.6375E+02 -3.2735E-02 -1.6329E+02 -1.2125E+02 -6.7329E-03  6.3750E+01 -1.8151E-03 -1.8151E-03
 -1.6500E+02 -3.3742E-02 -1.6482E+02 -1.2167E+02 -6.9097E-03  6.5000E+01 -1.6047E-03 -1.6047E-03
 -1.6625E+02 -3.4769E-02 -1.6636E+02 -1.2208E+02 -7.0869E-03  6.6250E+01 -1.3848E-03 -1.3848E-03
 -1.6750E+02 -3.5816E-02 -1.6793E+02 -1.2250E+02 -7.2644E-03  6.7500E+01 -1.1553E-03 -1.1553E-03
 -1.6875E+02 -3.6883E-02 -1.6951E+02 -1.2292E+02 -7.4421E-03  6.8750E+01 -9.1586E-04 -9.1586E-04
 -1.7000E+02 -3.7972E-02 -1.7110E+02 -1.2333E+02 -7.6201E-03  7.0000E+01 -6.6639E-04 -6.6639E-04
 -1.7125E+02 -3.9081E-02 -1.7271E+02 -1.2375E+02 -7.7983E-03  7.1250E+01 -4.0666E-04 -4.0666E-04
 -1.7250E+02 -4.0212E-02 -1.7434E+02 -1.2417E+02 -7.9766E-03  7.2500E+01 -1.3646E-04 -1.3646E-04
 -1.7375E+02 -4.1365E-02 -1.7598E+02 -1.2458E+02 -8.1551E-03  7.3750E+01  1.4441E-04  1.4441E-04
 -1.7500E+02 -4.2540E-02 -1.7764E+02 -1.2500E+02 -8.3336E-03  7.5000E+01  4.3617E-04  4.3617E-04
 -1.7625E+02 -4.3737E-02 -1.7931E+02 -1.2542E+02 -8.5123E-03  7.6250E+01  7.3906E-04  7.3906E-04
 -1.7750E+02 -4.4957E-02 -1.8100E+02 -1.2583E+02 -8.6910E-03  7.7500E+01  1.0533E-03  1.0533E-03
 -1.7875E+02 -4.6201E-02 -1.8270E+02 -1.2625E+02 -8.8696E-03  7.8750E+01  1.3791E-03  1.3791E-03
 -1.8000E+02 -4.7468E-02 -1.8442E+02 -1.2667E+02 -9.0483E-03  8.0000E+01  1.7168E-03  1.7168E-03
 -1.8125E+02 -4.8759E-02 -1.8615E+02 -1.2708E+02 -9.2270E-03  8.1250E+01  2.0666E-03  2.0666E-03
 -1.8250E+02 -5.0074E-02 -1.8790E+02 -1.2750E+02 -9.4055E-03  8.2500E+01  2.4288E-03  2.4288E-03
 -1.8375E+02 -5.1415E-02 -1.8966E+02 -1.2792E+02 -9.5840E-03  8.3750E+01  2.8037E-03  2.8037E-03
 -1.8500E+02 -5.2781E-02 -1.9144E+02 -1.2833E+02 -9.7624E-03  8.5000E+01  3.1915E-03  3.1915E-03
 -1.8625E+02 -5.4174E-02 -1.9323E+02 -1.2875E+02 -9.9406E-03  8.6250E+01  3.5926E-03  3.5926E-03
 -1.8750E+02 -5.5593E-02 -1.9503E+02 -1.2917E+02 -1.0119E-02  8.7500E+01  4.0073E-03  4.0073E-03
 -1.8875E+02 -5.7040E-02 -1.9685E+02 -1.2958E+02 -1.0297E-02  8.8750E+01  4.4359E-03  4.4359E-03
 -1.9000E+02 -5.8514E-02 -1.9868E+02 -1.3000E+02 -1.0474E-02  9.0000E+01  4.8789E-03  4.8789E-03
 -1.9125E+02 -6.0017E-02 -2.0053E+02 -1.3042E+02 -1.0652E-02  9.1250E+01  5.3365E-03  5.3365E-03
 -1.9250E+02 -6.1550E-02 -2.0239E+02 -1.3083E+02 -1.0829E-02  9.2500E+01  5.8092E-03  5.8092E-03
 -1.9375E+02 -6.3113E-02 -2.0426E+02 -1.3125E+02 -1.1006E-02  9.3750E+01  6.2974E-03  6.2974E-03
 -1.9500E+02 -6.4707E-02 -2.0615E+02 -1.3167E+02 -1.1183E-02  9.5000E+01  6.8014E-03  6.8014E-03
 -1.9625E+02 -6.6333E-02 -2.0805E+02 -1.3208E+02 -1.1359E-02  9.6250E+01  7.3219E-03  7.3219E-03
 -1.9750E+02 -6.7992E-02 -2.0996E+02 -1.3250E+02 -1.1535E-02  9.7500E+01  7.8592E-03  7.8592E-03
 -1.9875E+02 -6.9684E-02 -2.1189E+02 -1.3292E+02 -1.1711E-02  9.8750E+01  8.4139E-03  8.4139E-03
 -2.0000E+02 -7.1411E-02 -2.1383E+02 -1.3333E+02 -1.1887E-02  1.0000E+02  8.9864E-03  8.9864E-03
 -2.0125E+02 -7.3174E-02 -2.1578E+02 -1.3375E+02 -1.2062E-02  1.0125E+02  9.5775E-03  9.5775E-03
 -2.0250E+02 -7.4975E-02 -2.1774E+02 -1.3417E+02 -1.2237E-02  1.0250E+02  1.0188E-02  1.0188E-02
 -2.0375E+02 -7.6813E-02 -2.1972E+02 -1.3458E+02 -1.2411E-02  1.0375E+02  1.0817E-02  1.0817E-02
 -2.0500E+02 -7.8692E-02 -2.2171E+02 -1.3500E+02 -1.2585E-02  1.0500E+02  1.1468E-02  1.1468E-02
 -2.0625E+02 -8.0611E-02 -2.2371E+02 -1.3542E+02 -1.2759E-02  1.0625E+02  1.2139E-02  1.2139E-02
 -2.0750E+02 -8.2573E-02 -2.2572E+02 -1.3583E+02 -1.2932E-02  1.0750E+02  1.2832E-02  1.2832E-02
 -2.0875E+02 -8.4579E-02 -2.2775E+02 -1.3625E+02 -1.3105E-02  1.0875E+02  1.3548E-02  1.3548E-02
 -2.1000E+02 -8.6631E-02 -2.2979E+02 -1.3667E+02 -1.3278E-02  1.1000E+02  1.4288E-02  1.4288E-02
 -2.1125E+02 -8.8731E-02 -2.3184E+02 -1.3708E+02 -1.3450E-02  1.1125E+02  1.5052E-02  1.5052E-02
 -2.1250E+02 -9.0881E-02 -2.3390E+02 -1.3750E+02 -1.3622E-02  1.1250E+02  1.5841E-02  1.5841E-02
 -2.1375E+02 -9.3082E-02 -2.3597E+02 -1.3792E+02 -1.3793E-02  1.1375E+02  1.6658E-02  1.6658E-02
 -2.1500E+02 -9.5338E-02 -2.3806E+02 -1.3833E+02 -1.3963E-02  1.1500E+02  1.7501E-02  1.7501E-02
 -2.1625E+02 -9.7649E-02 -2.4015E+02 -1.3875E+02 -1.4134E-02  1.1625E+02  1.8374E-02  1.8374E-02
 -2.1750E+02 -1.0002E-01 -2.4226E+02 -1.3917E+02 -1.4304E-02  1.1750E+02  1.9277E-02  1.9277E-02
 -2.1875E+02 -1.0245E-01 -2.4438E+02 -1.3958E+02 -1.4473E-02  1.1875E+02  2.0212E-02  2.0212E-02
 -2.2000E+02 -1.0495E-01 -2.4651E+02 -1.4000E+02 -1.4642E-02  1.2000E+02  2.1180E-02  2.1180E-02
 -2.2125E+02 -1.0752E-01 -2.4865E+02 -1.4042E+02 -1.4810E-02  1.2125E+02  2.2183E-02  2.2183E-02
 -2.2250E+02 -1.1016E-01 -2.5081E+02 -1.4083E+02 -1.4978E-02  1.2250E+02  2.3223E-02  2.3223E-02
 -2.2375E+02 -1.1287E-01 -2.5297E+02 -1.4125E+02 -1.5145E-02  1.2375E+02  2.4302E-02  2.4302E-02
 -2.2500E+02 -1.1567E-01 -2.5515E+02 -1.4167E+02 -1.5312E-02  1.2500E+02  2.5421E-02  2.5421E-02
 -2.2625E+02 -1.1855E-01 -2.5733E+02 -1.4208E+02 -1.5479E-02  1.2625E+02  2.6584E-02  2.6584E-02
 -2.2750E+02 -1.2152E-01 -2.5953E+02 -1.4250E+02 -1.5644E-02  1.2750E+02  2.7793E-02  2.7793E-02
 -2.2875E+02 -1.2459E-01 -2.6174E+02 -1.4292E+02 -1.5810E-02  1.2875E+02  2.9050E-02  2.9050E-02
 -2.3000E+02 -1.2775E-01 -2.6395E+02 -1.4333E+02 -1.5975E-02  1.3000E+02  3.0360E-02  3.0360E-02
 -2.3125E+02 -1.3103E-01 -2.6618E+02 -1.4375E+02 -1.6139E-02  1.3125E+02  3.1724E-02  3.1724E-02
 -2.3250E+02 -1.3443E-01 -2.6842E+02 -1.4417E+02 -1.6303E-02  1.3250E+02  3.3148E-02  3.3148E-02
 -2.3375E+02 -1.3795E-01 -2.7067E+02 -1.4458E+02 -1.6466E-02  1.3375E+02  3.4635E-02  3.4635E-02
 -2.3500E+02 -1.4160E-01 -2.7293E+02 -1.4500E+02 -1.6629E-02  1.3500E+02  3.6190E-02  3.6190E-02
 -2.3625E+02 -1.4540E-01 -2.7520E+02 -1.4542E+02 -1.6791E-02  1.3625E+02  3.7819E-02  3.7819E-02
 -2.3750E+02 -1.4936E-01 -2.7748E+02 -1.4583E+02 -1.6953E-02  1.3750E+02  3.9528E-02  3.9528E-02
 -2.3875E+02 -1.5349E-01 -2.7977E+02 -1.4625E+02 -1.7114E-02  1.3875E+02  4.1322E-02  4.1322E-02
 -2.4000E+02 -1.5780E-01 -2.8206E+02 -1.4667E+02 -1.7274E-02  1.4000E+02  4.3212E-02  4.3212E-02
 -2.4125E+02 -1.6232E-01 -2.8437E+02 -1.4708E+02 -1.7434E-02  1.4125E+02  4.5204E-02  4.5204E-02
 -2.4250E+02 -1.6707E-01 -2.8669E+02 -1.4750E+02 -1.7594E-02  1.4250E+02  4.7310E-02  4.7310E-02
 -2.4375E+02 -1.7206E-01 -2.8902E+02 -1.4792E+02 -1.7753E-02  1.4375E+02  4.9541E-02  4.9541E-02
 -2.4500E+02 -1.7733E-01 -2.9136E+02 -1.4833E+02 -1.7911E-02  1.4500E+02  5.1912E-02  5.1912E-02
 -2.4625E+02 -1.8292E-01 -2.9371E+02 -1.4875E+02 -1.8069E-02  1.4625E+02  5.4438E-02  5.4438E-02
 -2.4750E+02 -1.8885E-01 -2.9606E+02 -1.4917E+02 -1.8226E-02  1.4750E+02  5.7141E-02  5.7141E-02
 -2.4875E+02 -1.9518E-01 -2.9843E+02 -1.4958E+02 -1.8383E-02  1.4875E+02  6.0043E-02  6.0043E-02
 -2.5000E+02 -2.0196E-01 -3.0081E+02 -1.5000E+02 -1.8539E-02  1.5000E+02  6.3173E-02  6.3173E-02
 -2.5125E+02 -2.0928E-01 -3.0319E+02 -1.5042E+02 -1.8695E-02  1.5125E+02  6.6567E-02  6.6567E-02
 -2.5250E+02 -2.1720E-01 -3.0558E+02 -1.5083E+02 -1.8850E-02  1.5250E+02  7.0271E-02  7.0271E-02
 -2.5375E+02 -2.2587E-01 -3.0799E+02 -1.5125E+02 -1.9005E-02  1.5375E+02  7.4343E-02  7.4343E-02
 -2.5500E+02 -2.3541E-01 -3.1040E+02 -1.5167E+02 -1.9159E-02  1.5500E+02  7.8857E-02  7.8857E-02
 -2.5625E+02 -2.4605E-01 -3.1282E+02 -1.5208E+02 -1.9312E-02  1.5625E+02  8.3917E-02  8.3917E-02
 -2.5750E+02 -2.5806E-01 -3.1525E+02 -1.5250E+02 -1.9465E-02  1.5750E+02  8.9666E-02  8.9666E-02
